20, 106, 288
0, 1.0
1, 1.0
2, 1.0
3, 1.0
4, 1.0
5, 1.0
6, 1.0
7, 1.0
8, 1.0
9, 1.0
10, 1.0
11, 1.0
12, 1.0
13, 1.0
14, 1.0
15, 1.0
16, 1.0
17, 1.0
18, 1.0
19, 1.0
0, 1, 1.0
0, 2, 1.0
0, 3, 1.0
0, 4, 1.0
0, 5, 1.0
0, 6, 1.0
0, 7, 1.0
0, 8, 1.0
0, 9, 1.0
1, 2, 1.0
1, 3, 1.0
1, 4, 1.0
1, 5, 1.0
1, 6, 1.0
1, 7, 1.0
1, 8, 1.0
1, 9, 1.0
2, 3, 1.0
2, 4, 1.0
2, 5, 1.0
2, 6, 1.0
2, 7, 1.0
2, 8, 1.0
2, 9, 1.0
3, 4, 1.0
3, 5, 1.0
3, 6, 1.0
3, 7, 1.0
3, 8, 1.0
3, 9, 1.0
4, 5, 1.0
4, 6, 1.0
4, 7, 1.0
4, 8, 1.0
4, 9, 1.0
5, 6, 1.0
5, 7, 1.0
5, 8, 1.0
5, 9, 1.0
6, 7, 1.0
6, 8, 1.0
6, 9, 1.0
7, 8, 1.0
7, 9, 1.0
8, 9, 1.0
10, 11, 1.0
10, 12, 1.0
10, 13, 1.0
10, 14, 1.0
10, 15, 1.0
10, 16, 1.0
10, 17, 1.0
10, 18, 1.0
10, 19, 1.0
11, 12, 1.0
11, 13, 1.0
11, 14, 1.0
11, 15, 1.0
11, 16, 1.0
11, 17, 1.0
11, 18, 1.0
11, 19, 1.0
12, 13, 1.0
12, 14, 1.0
12, 15, 1.0
12, 16, 1.0
12, 17, 1.0
12, 18, 1.0
12, 19, 1.0
13, 14, 1.0
13, 15, 1.0
13, 16, 1.0
13, 17, 1.0
13, 18, 1.0
13, 19, 1.0
14, 15, 1.0
14, 16, 1.0
14, 17, 1.0
14, 18, 1.0
14, 19, 1.0
15, 16, 1.0
15, 17, 1.0
15, 18, 1.0
15, 19, 1.0
16, 17, 1.0
16, 18, 1.0
16, 19, 1.0
17, 18, 1.0
17, 19, 1.0
18, 19, 1.0
9, 13, 1.0
8, 13, 1.0
7, 15, 1.0
4, 19, 1.0
9, 15, 1.0
4, 15, 1.0
7, 13, 1.0
9, 19, 1.0
4, 16, 1.0
4, 13, 1.0
7, 19, 1.0
8, 19, 1.0
9, 16, 1.0
7, 16, 1.0
8, 16, 1.0
8, 15, 1.0
0, 1, 2, 1.0
0, 1, 3, 1.0
0, 1, 4, 1.0
0, 1, 5, 1.0
0, 1, 6, 1.0
0, 1, 7, 1.0
0, 1, 8, 1.0
0, 1, 9, 1.0
0, 2, 3, 1.0
0, 2, 4, 1.0
0, 2, 5, 1.0
0, 2, 6, 1.0
0, 2, 7, 1.0
0, 2, 8, 1.0
0, 2, 9, 1.0
0, 3, 4, 1.0
0, 3, 5, 1.0
0, 3, 6, 1.0
0, 3, 7, 1.0
0, 3, 8, 1.0
0, 3, 9, 1.0
0, 4, 5, 1.0
0, 4, 6, 1.0
0, 4, 7, 1.0
0, 4, 8, 1.0
0, 4, 9, 1.0
0, 5, 6, 1.0
0, 5, 7, 1.0
0, 5, 8, 1.0
0, 5, 9, 1.0
0, 6, 7, 1.0
0, 6, 8, 1.0
0, 6, 9, 1.0
0, 7, 8, 1.0
0, 7, 9, 1.0
0, 8, 9, 1.0
1, 2, 3, 1.0
1, 2, 4, 1.0
1, 2, 5, 1.0
1, 2, 6, 1.0
1, 2, 7, 1.0
1, 2, 8, 1.0
1, 2, 9, 1.0
1, 3, 4, 1.0
1, 3, 5, 1.0
1, 3, 6, 1.0
1, 3, 7, 1.0
1, 3, 8, 1.0
1, 3, 9, 1.0
1, 4, 5, 1.0
1, 4, 6, 1.0
1, 4, 7, 1.0
1, 4, 8, 1.0
1, 4, 9, 1.0
1, 5, 6, 1.0
1, 5, 7, 1.0
1, 5, 8, 1.0
1, 5, 9, 1.0
1, 6, 7, 1.0
1, 6, 8, 1.0
1, 6, 9, 1.0
1, 7, 8, 1.0
1, 7, 9, 1.0
1, 8, 9, 1.0
2, 3, 4, 1.0
2, 3, 5, 1.0
2, 3, 6, 1.0
2, 3, 7, 1.0
2, 3, 8, 1.0
2, 3, 9, 1.0
2, 4, 5, 1.0
2, 4, 6, 1.0
2, 4, 7, 1.0
2, 4, 8, 1.0
2, 4, 9, 1.0
2, 5, 6, 1.0
2, 5, 7, 1.0
2, 5, 8, 1.0
2, 5, 9, 1.0
2, 6, 7, 1.0
2, 6, 8, 1.0
2, 6, 9, 1.0
2, 7, 8, 1.0
2, 7, 9, 1.0
2, 8, 9, 1.0
3, 4, 5, 1.0
3, 4, 6, 1.0
3, 4, 7, 1.0
3, 4, 8, 1.0
3, 4, 9, 1.0
3, 5, 6, 1.0
3, 5, 7, 1.0
3, 5, 8, 1.0
3, 5, 9, 1.0
3, 6, 7, 1.0
3, 6, 8, 1.0
3, 6, 9, 1.0
3, 7, 8, 1.0
3, 7, 9, 1.0
3, 8, 9, 1.0
4, 5, 6, 1.0
4, 5, 7, 1.0
4, 5, 8, 1.0
4, 5, 9, 1.0
4, 6, 7, 1.0
4, 6, 8, 1.0
4, 6, 9, 1.0
4, 7, 8, 1.0
4, 7, 9, 1.0
4, 8, 9, 1.0
5, 6, 7, 1.0
5, 6, 8, 1.0
5, 6, 9, 1.0
5, 7, 8, 1.0
5, 7, 9, 1.0
5, 8, 9, 1.0
6, 7, 8, 1.0
6, 7, 9, 1.0
6, 8, 9, 1.0
7, 8, 9, 1.0
10, 11, 12, 1.0
10, 11, 13, 1.0
10, 11, 14, 1.0
10, 11, 15, 1.0
10, 11, 16, 1.0
10, 11, 17, 1.0
10, 11, 18, 1.0
10, 11, 19, 1.0
10, 12, 13, 1.0
10, 12, 14, 1.0
10, 12, 15, 1.0
10, 12, 16, 1.0
10, 12, 17, 1.0
10, 12, 18, 1.0
10, 12, 19, 1.0
10, 13, 14, 1.0
10, 13, 15, 1.0
10, 13, 16, 1.0
10, 13, 17, 1.0
10, 13, 18, 1.0
10, 13, 19, 1.0
10, 14, 15, 1.0
10, 14, 16, 1.0
10, 14, 17, 1.0
10, 14, 18, 1.0
10, 14, 19, 1.0
10, 15, 16, 1.0
10, 15, 17, 1.0
10, 15, 18, 1.0
10, 15, 19, 1.0
10, 16, 17, 1.0
10, 16, 18, 1.0
10, 16, 19, 1.0
10, 17, 18, 1.0
10, 17, 19, 1.0
10, 18, 19, 1.0
11, 12, 13, 1.0
11, 12, 14, 1.0
11, 12, 15, 1.0
11, 12, 16, 1.0
11, 12, 17, 1.0
11, 12, 18, 1.0
11, 12, 19, 1.0
11, 13, 14, 1.0
11, 13, 15, 1.0
11, 13, 16, 1.0
11, 13, 17, 1.0
11, 13, 18, 1.0
11, 13, 19, 1.0
11, 14, 15, 1.0
11, 14, 16, 1.0
11, 14, 17, 1.0
11, 14, 18, 1.0
11, 14, 19, 1.0
11, 15, 16, 1.0
11, 15, 17, 1.0
11, 15, 18, 1.0
11, 15, 19, 1.0
11, 16, 17, 1.0
11, 16, 18, 1.0
11, 16, 19, 1.0
11, 17, 18, 1.0
11, 17, 19, 1.0
11, 18, 19, 1.0
12, 13, 14, 1.0
12, 13, 15, 1.0
12, 13, 16, 1.0
12, 13, 17, 1.0
12, 13, 18, 1.0
12, 13, 19, 1.0
12, 14, 15, 1.0
12, 14, 16, 1.0
12, 14, 17, 1.0
12, 14, 18, 1.0
12, 14, 19, 1.0
12, 15, 16, 1.0
12, 15, 17, 1.0
12, 15, 18, 1.0
12, 15, 19, 1.0
12, 16, 17, 1.0
12, 16, 18, 1.0
12, 16, 19, 1.0
12, 17, 18, 1.0
12, 17, 19, 1.0
12, 18, 19, 1.0
13, 14, 15, 1.0
13, 14, 16, 1.0
13, 14, 17, 1.0
13, 14, 18, 1.0
13, 14, 19, 1.0
13, 15, 16, 1.0
13, 15, 17, 1.0
13, 15, 18, 1.0
13, 15, 19, 1.0
13, 16, 17, 1.0
13, 16, 18, 1.0
13, 16, 19, 1.0
13, 17, 18, 1.0
13, 17, 19, 1.0
13, 18, 19, 1.0
14, 15, 16, 1.0
14, 15, 17, 1.0
14, 15, 18, 1.0
14, 15, 19, 1.0
14, 16, 17, 1.0
14, 16, 18, 1.0
14, 16, 19, 1.0
14, 17, 18, 1.0
14, 17, 19, 1.0
14, 18, 19, 1.0
15, 16, 17, 1.0
15, 16, 18, 1.0
15, 16, 19, 1.0
15, 17, 18, 1.0
15, 17, 19, 1.0
15, 18, 19, 1.0
16, 17, 18, 1.0
16, 17, 19, 1.0
16, 18, 19, 1.0
17, 18, 19, 1.0
8, 9, 15, 1.0
8, 15, 16, 1.0
4, 7, 19, 1.0
4, 13, 19, 1.0
4, 7, 16, 1.0
4, 16, 19, 1.0
4, 9, 16, 1.0
8, 9, 16, 1.0
9, 13, 16, 1.0
7, 8, 16, 1.0
9, 13, 19, 1.0
7, 13, 19, 1.0
7, 9, 15, 1.0
7, 15, 16, 1.0
4, 9, 19, 1.0
4, 8, 15, 1.0
8, 9, 19, 1.0
7, 15, 19, 1.0
7, 8, 13, 1.0
7, 8, 19, 1.0
7, 9, 13, 1.0
8, 13, 16, 1.0
8, 16, 19, 1.0
4, 9, 13, 1.0
9, 15, 19, 1.0
7, 13, 16, 1.0
4, 8, 13, 1.0
7, 8, 15, 1.0
9, 13, 15, 1.0
4, 15, 19, 1.0
4, 9, 15, 1.0
4, 15, 16, 1.0
8, 13, 19, 1.0
4, 7, 15, 1.0
9, 15, 16, 1.0
9, 16, 19, 1.0
4, 8, 19, 1.0
7, 16, 19, 1.0
4, 7, 13, 1.0
7, 13, 15, 1.0
4, 13, 15, 1.0
7, 9, 19, 1.0
8, 13, 15, 1.0
4, 8, 16, 1.0
8, 9, 13, 1.0
7, 9, 16, 1.0
4, 13, 16, 1.0
8, 15, 19, 1.0
