10, 24, 24
0, 1.0
1, 1.0
2, 1.0
3, 1.0
4, 1.0
5, 1.0
6, 1.0
7, 1.0
8, 1.0
9, 1.0
0, 1, 1.0
0, 2, 1.0
0, 3, 1.0
0, 4, 1.0
1, 2, 1.0
1, 3, 1.0
1, 4, 1.0
2, 3, 1.0
2, 4, 1.0
3, 4, 1.0
5, 6, 1.0
5, 7, 1.0
5, 8, 1.0
5, 9, 1.0
6, 7, 1.0
6, 8, 1.0
6, 9, 1.0
7, 8, 1.0
7, 9, 1.0
8, 9, 1.0
0, 9, 1.0
1, 8, 1.0
0, 8, 1.0
1, 9, 1.0
0, 1, 2, 1.0
0, 1, 3, 1.0
0, 1, 4, 1.0
0, 2, 3, 1.0
0, 2, 4, 1.0
0, 3, 4, 1.0
1, 2, 3, 1.0
1, 2, 4, 1.0
1, 3, 4, 1.0
2, 3, 4, 1.0
5, 6, 7, 1.0
5, 6, 8, 1.0
5, 6, 9, 1.0
5, 7, 8, 1.0
5, 7, 9, 1.0
5, 8, 9, 1.0
6, 7, 8, 1.0
6, 7, 9, 1.0
6, 8, 9, 1.0
7, 8, 9, 1.0
0, 1, 9, 1.0
0, 1, 8, 1.0
0, 8, 9, 1.0
1, 8, 9, 1.0
